1 -58 -62 
1 -58 -72 
1 -58 -74 
1 -58 -59 
1 -58 -70 
1 -58 -70 
1 -58 -59 
1 -58 -59 
1 -58 -78 
1 -58 -71 
1 -58 -59 
1 -58 -70 
1 -58 -70 
1 -58 -70 
1 -58 -59 
1 -58 -59 
1 -58 -77 
1 -58 -77 
1 -58 -80 
1 -58 -71 
1 -58 -72 
1 -58 -72 
1 -58 -76 
1 -58 -75 
1 -58 -70 
1 -58 -59 
1 -58 -59 
1 -58 -59 
1 -58 -82 
1 -58 -79 
1 -58 -69 
1 -58 -59 
1 -58 -74 
1 -58 -69 
1 -58 -70 
1 -58 -73 
1 -58 -70 
1 -58 -62 
1 -58 -59 
1 -58 -72 
1 -58 -69 
1 -58 -68 
1 -58 -71 
1 -58 -74 
1 -58 -70 
1 -58 -59 
1 -58 -62 
1 -58 -59 
