1 -58 -65 
1 -58 -59 
1 -58 -68 
1 -58 -62 
1 -58 -62 
1 -58 -68 
1 -58 -68 
1 -58 -68 
1 -58 -62 
1 -58 -62 
1 -58 -68 
1 -58 -68 
1 -58 -68 
1 -58 -68 
1 -58 -65 
1 -58 -62 
1 -58 -68 
1 -58 -68 
1 -58 -59 
1 -58 -68 
1 -58 -65 
1 -58 -59 
1 -58 -65 
1 -58 -59 
1 -58 -68 
1 -58 -68 
1 -58 -67 
1 -58 -59 
1 -58 -68 
1 -58 -69 
1 -58 -65 
1 -58 -69 
1 -58 -69 
1 -58 -69 
1 -58 -68 
1 -58 -62 
1 -58 -62 
1 -58 -68 
1 -58 -68 
1 -58 -68 
1 -58 -68 
1 -58 -62 
1 -58 -67 
1 -58 -62 
1 -58 -68 
1 -58 -68 
1 -58 -68 
1 -58 -68 
1 -58 -68 
1 -58 -68 
1 -58 -68 
