1734 100 -68 
1734 100 -68 
1734 100 -62 
1734 100 -68 
1734 100 -72 
1734 100 -69 
1734 100 -65 
1734 100 -69 
1734 100 -65 
1734 100 -68 
1734 100 -71 
1734 100 -68 
1734 100 -69 
1734 100 -68 
1734 100 -68 
1734 100 -68 
1734 100 -70 
1734 100 -68 
1734 100 -70 
1734 100 -65 
1734 100 -71 
1734 100 -68 
1734 100 -65 
1734 100 -68 
1734 100 -71 
1734 100 -71 
1734 100 -68 
1734 100 -70 
1734 100 -67 
1734 100 -71 
1734 100 -69 
1734 100 -69 
1734 100 -68 
1734 100 -69 
1734 100 -72 
1734 100 -72 
1734 100 -72 
1734 100 -69 
1734 100 -70 
1734 100 -69 
1734 100 -68 
1734 100 -70 
1734 100 -68 
1734 100 -69 
1734 100 -69 
1734 100 -71 
1734 100 -68 
1734 100 -70 
1734 100 -65 
1734 100 -71 
1734 100 -65 
1734 100 -69 
1734 100 -65 
1734 100 -65 
1734 100 -76 
1734 100 -68 
1734 100 -69 
1734 100 -65 
1734 100 -68 
1734 100 -65 
1734 100 -69 
1734 100 -77 
1734 100 -70 
1734 100 -67 
1734 100 -69 
1734 100 -65 
1734 100 -65 
1734 100 -68 
1734 100 -65 
1734 100 -70 
1734 100 -68 
1734 100 -68 
1734 100 -65 
1734 100 -70 
1734 100 -70 
1734 100 -70 
1734 100 -65 
1734 100 -65 
1734 100 -65 
1734 100 -68 
1734 100 -70 
1734 100 -68 
1734 100 -71 
1734 100 -71 
1734 100 -65 
1734 100 -72 
1734 100 -68 
1734 100 -70 
1734 100 -72 
1734 100 -70 
1734 100 -65 
1734 100 -67 
1734 100 -68 
1734 100 -68 
1734 100 -68 
1734 100 -67 
1734 100 -72 
1734 100 -68 
1734 100 -65 
1734 100 -72 
1734 100 -72 
1734 100 -68 
1734 100 -71 
1734 100 -69 
1734 100 -71 
1734 100 -68 
1734 100 -70 
1734 100 -62 
1734 100 -72 
