1734 100 -81 
1734 100 -64 
1734 100 -71 
1734 100 -76 
1734 100 -75 
1734 100 -75 
1734 100 -72 
1734 100 -76 
1734 100 -65 
1734 100 -65 
1734 100 -66 
1734 100 -75 
1734 100 -65 
1734 100 -75 
1734 100 -65 
1734 100 -71 
1734 100 -65 
1734 100 -71 
1734 100 -71 
1734 100 -70 
1734 100 -71 
1734 100 -71 
1734 100 -74 
1734 100 -65 
1734 100 -75 
1734 100 -71 
1734 100 -72 
1734 100 -75 
1734 100 -71 
1734 100 -70 
1734 100 -65 
1734 100 -70 
1734 100 -75 
1734 100 -65 
1734 100 -75 
1734 100 -65 
1734 100 -64 
1734 100 -71 
1734 100 -64 
1734 100 -72 
1734 100 -65 
1734 100 -64 
1734 100 -72 
1734 100 -75 
1734 100 -71 
1734 100 -76 
1734 100 -72 
1734 100 -75 
