1734 100 -65 
1734 100 -65 
1734 100 -67 
1734 100 -65 
1734 100 -65 
1734 100 -68 
1734 100 -66 
1734 100 -68 
1734 100 -65 
1734 100 -66 
1734 100 -66 
1734 100 -65 
1734 100 -66 
1734 100 -66 
1734 100 -65 
1734 100 -67 
1734 100 -67 
1734 100 -68 
1734 100 -65 
1734 100 -67 
1734 100 -68 
1734 100 -67 
1734 100 -66 
1734 100 -63 
1734 100 -67 
1734 100 -67 
1734 100 -68 
1734 100 -64 
1734 100 -68 
1734 100 -64 
1734 100 -63 
1734 100 -64 
1734 100 -65 
1734 100 -66 
1734 100 -65 
1734 100 -66 
1734 100 -65 
1734 100 -67 
1734 100 -65 
1734 100 -64 
1734 100 -65 
1734 100 -66 
1734 100 -64 
1734 100 -65 
1734 100 -67 
1734 100 -68 
1734 100 -67 
1734 100 -67 
1734 100 -67 
1734 100 -63 
1734 100 -65 
1734 100 -69 
