1 -58 -65 
1 -58 -68 
1 -58 -65 
1 -58 -68 
1 -58 -62 
1 -58 -68 
1 -58 -68 
1 -58 -68 
1 -58 -62 
1 -58 -62 
1 -58 -68 
1 -58 -68 
1 -58 -65 
1 -58 -68 
1 -58 -68 
1 -58 -65 
1 -58 -68 
1 -58 -62 
1 -58 -65 
1 -58 -59 
1 -58 -59 
1 -58 -68 
1 -58 -68 
1 -58 -59 
1 -58 -62 
1 -58 -59 
1 -58 -68 
1 -58 -68 
1 -58 -62 
1 -58 -68 
1 -58 -68 
1 -58 -68 
1 -58 -65 
1 -58 -68 
1 -58 -68 
1 -58 -68 
1 -58 -68 
1 -58 -68 
1 -58 -68 
1 -58 -59 
1 -58 -62 
1 -58 -68 
1 -58 -68 
1 -58 -68 
1 -58 -64 
1 -58 -62 
1 -58 -68 
1 -58 -68 
