1734 100 -83 
1734 100 -78 
1734 100 -84 
1734 100 -62 
1734 100 -75 
1734 100 -77 
1734 100 -80 
1734 100 -74 
1734 100 -73 
1734 100 -71 
1734 100 -78 
1734 100 -62 
1734 100 -62 
1734 100 -76 
1734 100 -72 
1734 100 -78 
1734 100 -79 
1734 100 -65 
1734 100 -62 
1734 100 -80 
1734 100 -61 
1734 100 -73 
1734 100 -80 
1734 100 -72 
1734 100 -62 
1734 100 -73 
1734 100 -61 
1734 100 -71 
1734 100 -72 
1734 100 -79 
1734 100 -73 
1734 100 -72 
1734 100 -79 
1734 100 -62 
1734 100 -61 
1734 100 -73 
1734 100 -79 
1734 100 -62 
1734 100 -80 
1734 100 -70 
1734 100 -78 
1734 100 -65 
1734 100 -79 
1734 100 -62 
1734 100 -78 
1734 100 -77 
1734 100 -71 
1734 100 -62 
1734 100 -76 
