1 -58 -68 
1 -58 -66 
1 -58 -71 
1 -58 -67 
1 -58 -65 
1 -58 -65 
1 -58 -66 
1 -58 -68 
1 -58 -67 
1 -58 -67 
1 -58 -67 
1 -58 -65 
1 -58 -68 
1 -58 -68 
1 -58 -68 
1 -58 -68 
1 -58 -66 
1 -58 -68 
1 -58 -68 
1 -58 -67 
1 -58 -66 
1 -58 -66 
1 -58 -66 
1 -58 -67 
1 -58 -67 
1 -58 -65 
1 -58 -65 
1 -58 -64 
1 -58 -67 
1 -58 -66 
1 -58 -65 
1 -58 -68 
1 -58 -67 
1 -58 -68 
1 -58 -68 
1 -58 -65 
1 -58 -64 
1 -58 -65 
1 -58 -66 
1 -58 -65 
1 -58 -65 
1 -58 -68 
1 -58 -68 
1 -58 -65 
1 -58 -67 
1 -58 -65 
1 -58 -65 
1 -58 -68 
1 -58 -67 
1 -58 -68 
1 -58 -65 
1 -58 -65 
