1 -58 -65 
1 -58 -63 
1 -58 -61 
1 -58 -75 
1 -58 -62 
1 -58 -59 
1 -58 -59 
1 -58 -62 
1 -58 -59 
1 -58 -74 
1 -58 -62 
1 -58 -62 
1 -58 -62 
1 -58 -65 
1 -58 -59 
1 -58 -74 
1 -58 -59 
1 -58 -74 
1 -58 -62 
1 -58 -72 
1 -58 -73 
1 -58 -74 
1 -58 -59 
1 -58 -59 
1 -58 -59 
1 -58 -59 
1 -58 -59 
1 -58 -62 
1 -58 -62 
1 -58 -59 
1 -58 -59 
1 -58 -65 
1 -58 -65 
1 -58 -60 
1 -58 -59 
1 -58 -74 
1 -58 -73 
1 -58 -60 
1 -58 -59 
1 -58 -73 
1 -58 -62 
1 -58 -59 
1 -58 -59 
1 -58 -59 
1 -58 -59 
1 -58 -59 
1 -58 -62 
1 -58 -62 
1 -58 -73 
