1734 100 -70 
1734 100 -86 
1734 100 -69 
1734 100 -67 
1734 100 -80 
1734 100 -69 
1734 100 -70 
1734 100 -79 
1734 100 -71 
1734 100 -70 
1734 100 -69 
1734 100 -82 
1734 100 -70 
1734 100 -69 
1734 100 -82 
1734 100 -70 
1734 100 -69 
1734 100 -80 
1734 100 -81 
1734 100 -69 
1734 100 -80 
1734 100 -70 
1734 100 -80 
1734 100 -82 
1734 100 -81 
1734 100 -70 
1734 100 -69 
1734 100 -69 
1734 100 -69 
1734 100 -69 
1734 100 -69 
1734 100 -69 
1734 100 -69 
1734 100 -70 
1734 100 -69 
1734 100 -69 
1734 100 -69 
1734 100 -68 
1734 100 -69 
1734 100 -81 
1734 100 -69 
1734 100 -69 
1734 100 -83 
1734 100 -82 
1734 100 -69 
1734 100 -69 
1734 100 -80 
1734 100 -69 
1734 100 -70 
1734 100 -68 
1734 100 -70 
