1 -58 -77 
1 -58 -66 
1 -58 -77 
1 -58 -74 
1 -58 -77 
1 -58 -72 
1 -58 -65 
1 -58 -79 
1 -58 -73 
1 -58 -76 
1 -58 -73 
1 -58 -78 
1 -58 -78 
1 -58 -78 
1 -58 -63 
1 -58 -73 
1 -58 -74 
1 -58 -63 
1 -58 -65 
1 -58 -76 
1 -58 -78 
1 -58 -75 
1 -58 -74 
1 -58 -72 
1 -58 -73 
1 -58 -77 
1 -58 -74 
1 -58 -77 
1 -58 -75 
1 -58 -75 
1 -58 -73 
1 -58 -65 
1 -58 -64 
1 -58 -75 
1 -58 -74 
1 -58 -77 
1 -58 -75 
1 -58 -65 
1 -58 -66 
1 -58 -76 
1 -58 -75 
1 -58 -65 
1 -58 -74 
1 -58 -77 
1 -58 -74 
1 -58 -64 
1 -58 -76 
1 -58 -75 
1 -58 -65 
1 -58 -64 
1 -58 -72 
1 -58 -65 
1 -58 -77 
1 -58 -73 
1 -58 -79 
1 -58 -73 
1 -58 -65 
1 -58 -77 
1 -58 -64 
1 -58 -65 
1 -58 -65 
1 -58 -64 
1 -58 -74 
1 -58 -72 
1 -58 -75 
1 -58 -75 
1 -58 -77 
1 -58 -75 
1 -58 -77 
1 -58 -76 
1 -58 -77 
1 -58 -66 
1 -58 -76 
1 -58 -76 
1 -58 -67 
1 -58 -67 
1 -58 -77 
1 -58 -77 
1 -58 -65 
1 -58 -76 
1 -58 -74 
1 -58 -75 
1 -58 -75 
1 -58 -73 
1 -58 -77 
1 -58 -76 
1 -58 -73 
1 -58 -73 
1 -58 -76 
1 -58 -66 
1 -58 -76 
1 -58 -72 
1 -58 -73 
1 -58 -70 
1 -58 -64 
1 -58 -64 
1 -58 -78 
1 -58 -72 
1 -58 -65 
1 -58 -72 
1 -58 -78 
1 -58 -76 
1 -58 -76 
1 -58 -64 
