1734 100 -73 
1734 100 -68 
1734 100 -65 
1734 100 -74 
1734 100 -67 
1734 100 -74 
1734 100 -70 
1734 100 -65 
1734 100 -68 
1734 100 -71 
1734 100 -65 
1734 100 -70 
1734 100 -69 
1734 100 -65 
1734 100 -65 
1734 100 -64 
1734 100 -68 
1734 100 -65 
1734 100 -68 
1734 100 -69 
1734 100 -73 
1734 100 -68 
1734 100 -77 
1734 100 -75 
1734 100 -67 
1734 100 -65 
1734 100 -68 
1734 100 -73 
1734 100 -73 
1734 100 -66 
1734 100 -77 
1734 100 -75 
1734 100 -68 
1734 100 -72 
1734 100 -65 
1734 100 -68 
1734 100 -66 
1734 100 -75 
1734 100 -78 
1734 100 -67 
1734 100 -78 
1734 100 -74 
1734 100 -72 
1734 100 -68 
1734 100 -65 
1734 100 -65 
